Kp=600;
Ki=50;