m = 1000;
b = 50;
u = 500;
Kp=600;
Ki=50;